EM_X: [0.0, 0.1, 0.2, 0.30000000000000004, 0.4, 0.5, 0.6, 0.7, 0.7999999999999999, 0.8999999999999999, 0.9999999999999999]
EM_Y: [2.0, 1.8, 1.531, 1.2182361, 0.9005339405343209, 0.6194058233153332, 0.4040395602191279, 0.2624253679361531, 0.18447513766235757, 0.15226167096623905, 0.1487908801600259]
---------------------------------------------------------------------------------------------------
IEM_X: [0.0, 0.1, 0.2, 0.30000000000000004, 0.4, 0.5, 0.6, 0.7, 0.7999999999999999, 0.8999999999999999, 0.9999999999999999]
IEM_Y: [2.0, 1.76275, 1.4683830495442645, 1.15455594220042, 0.8616896359523284, 0.6188777334447759, 0.43752299398078864, 0.3144954349332416, 0.2392357036945733, 0.19960030467711393, 0.1849347938351027]
---------------------------------------------------------------------------------------------------
RKM_X: [0.0, 0.1, 0.2, 0.30000000000000004, 0.4, 0.5, 0.6, 0.7, 0.7999999999999999, 0.8999999999999999, 0.9999999999999999]
RKM_Y: [2.0, 1.7631071675503571, 1.4704393685271389, 1.1582560479293973, 0.8652738922184747, 0.6202008774525076, 0.43558407331807636, 0.3097681214582418, 0.23299024490561512, 0.19311716052398364, 0.1790915841996109]
