EM_X: [2.0, 2.05, 2.0999999999999996, 2.1499999999999995, 2.1999999999999993, 2.249999999999999, 2.299999999999999, 2.3499999999999988, 2.3999999999999986, 2.4499999999999984, 2.4999999999999982, 2.549999999999998, 2.599999999999998, 2.6499999999999977, 2.6999999999999975, 2.7499999999999973, 2.799999999999997, 2.849999999999997, 2.899999999999997, 2.9499999999999966, 2.9999999999999964]
EM_Y: [3.0, 2.98125, 2.96191647187873, 2.941975520730938, 2.9214013242050725, 2.900165916389314, 2.878238939501817, 2.8555873573572232, 2.8321751232053236, 2.807962792786902, 2.7829070712067265, 2.756960279320404, 2.7300697215434666, 2.70217693199959, 2.673216769279373, 2.6431163211335287, 2.6117935682297606, 2.5791557392619042, 2.545097266105935, 2.5094972141379395, 2.4722160142047325]
---------------------------------------------------------------------------------------------------
IEM_X: [2.0, 2.05, 2.0999999999999996, 2.1499999999999995, 2.1999999999999993, 2.249999999999999, 2.299999999999999, 2.3499999999999988, 2.3999999999999986, 2.4499999999999984, 2.4999999999999982, 2.549999999999998, 2.599999999999998, 2.6499999999999977, 2.6999999999999975, 2.7499999999999973, 2.799999999999997, 2.849999999999997, 2.899999999999997, 2.9499999999999966, 2.9999999999999964]
IEM_Y: [3.0, 2.980960084774829, 2.961320486179065, 2.9410557545848053, 2.9201383185152188, 2.8985382371233124, 2.876222914205095, 2.853156766208734, 2.829300834894191, 2.804612332972598, 2.779044108036395, 2.752544006136612, 2.725054111129569, 2.6965098289120597, 2.666838776183077, 2.6359594203699963, 2.603779399282524, 2.570193423543954, 2.5350806282300207, 2.4983011866136793, 2.4596919190501643]
---------------------------------------------------------------------------------------------------
RKM_X: [2.0, 2.05, 2.0999999999999996, 2.1499999999999995, 2.1999999999999993, 2.249999999999999, 2.299999999999999, 2.3499999999999988, 2.3999999999999986, 2.4499999999999984, 2.4999999999999982, 2.549999999999998, 2.599999999999998, 2.6499999999999977, 2.6999999999999975, 2.7499999999999973, 2.799999999999997, 2.849999999999997, 2.899999999999997, 2.9499999999999966, 2.9999999999999964]
RKM_Y: [3.0, 2.9809580643955003, 2.9613162496744665, 2.941049081919756, 2.920128961543758, 2.898525915024207, 2.8762073079998376, 2.8531375121388125, 2.829277516369865, 2.8045844707189937, 2.779011147945857, 2.752505304176424, 2.7250089144330576, 2.6964572518713212, 2.6667777699215374, 2.6358887333386387, 2.603697525794043, 2.5700985356725052, 2.534970484395157, 2.498173006888818, 2.4595422120166033]
---------------------------------------------------------------------------------------------------
